::1,2,2/
0,0,
3,3,
::2,3,3/
2,0,5,
0,0,5,
0,0,2,
::3,4,3/
0,0,2,6,
2,0,5,0,
5,0,6,0,
::4,5,4/
5,6,0,0,0,
0,0,3,6,0,
0,0,1,0,0,
5,0,3,1,0,
::5,5,5/
6,0,3,4,0,
0,0,2,0,0,
0,0,2,0,4,
0,0,0,3,1,
0,6,1,0,0,
::6,5,5/
0,0,2,3,4,
0,3,0,0,0,
0,0,0,1,0,
0,0,5,4,0,
2,1,0,0,5,
::7,5,5/
1,0,0,0,1,
0,4,0,0,2,
0,0,5,0,0,
4,0,6,0,2,
5,0,0,0,6,
::8,5,5/
0,0,1,6,0,
0,1,0,3,0,
0,0,0,0,0,
0,2,3,0,6,
0,0,0,0,2,
::9,5,5/
0,0,3,2,0,
3,6,0,0,0,
4,0,0,0,0,
5,4,0,0,0,
0,0,5,6,2,
::10,5,5/
1,4,0,0,4,
0,1,0,0,6,
2,0,3,0,0,
0,0,0,0,0,
0,2,0,3,6,
::11,5,6/
1,4,0,5,3,
0,4,0,0,0,
0,5,0,0,0,
0,0,1,3,0,
0,6,2,0,2,
0,0,6,0,0,
::12,5,6/
0,0,0,1,2,
0,0,1,4,0,
0,0,0,0,0,
0,5,4,2,0,
0,6,6,0,0,
5,0,0,0,0,
::13,5,7/
0,0,0,0,6,
0,0,6,0,0,
0,0,4,0,0,
3,3,0,0,4,
2,0,1,0,5,
0,0,0,0,5,
0,2,0,0,1,
::14,5,7/
5,0,0,0,5,
4,6,0,0,6,
0,0,4,0,0,
0,0,3,0,0,
0,0,1,2,0,
0,0,0,0,0,
0,1,2,0,3,
::15,5,7/
0,6,5,0,0,
6,0,0,0,0,
4,5,0,0,0,
0,4,3,2,0,
1,0,0,0,0,
0,0,0,0,3,
0,0,1,0,2,
::16,6,7/
1,0,0,0,0,0,
2,3,1,0,0,0,
0,0,3,0,0,0,
0,0,0,5,6,5,
0,0,0,0,0,6,
0,0,4,0,0,0,
4,0,0,2,0,0,
::17,6,7/
0,0,6,0,0,0,
5,5,0,0,0,0,
0,3,1,2,0,0,
0,0,0,0,0,0,
0,2,1,0,0,0,
0,0,0,3,4,0,
4,0,0,0,0,6,
::18,6,7/
2,0,5,0,0,0,
1,0,3,0,0,0,
0,0,2,0,0,0,
0,0,1,0,5,0,
0,0,4,0,0,6,
3,4,0,0,0,0,
0,0,0,0,6,0,
::19,6,7/
1,0,2,0,6,0,
3,0,0,0,6,0,
0,2,1,0,5,0,
0,0,0,0,0,0,
0,3,4,5,0,4,
0,0,0,0,0,0,
0,0,0,0,0,0,
::20,6,7/
0,3,0,0,0,0,
0,0,0,0,0,0,
0,2,1,0,1,2,
0,4,5,0,6,0,
0,0,0,0,0,0,
0,3,0,0,6,5,
0,0,4,0,0,0,
::21,6,8/
0,0,0,5,0,0,
0,0,0,6,0,0,
0,4,5,0,3,6,
0,0,0,0,0,0,
0,0,2,1,0,0,
0,0,0,0,2,0,
0,0,3,0,0,0,
4,0,0,0,0,1,
::22,6,8/
0,0,0,1,5,6,
0,0,0,0,0,0,
2,0,1,0,6,0,
0,0,3,0,0,0,
0,0,0,0,0,4,
3,2,0,0,0,0,
0,0,0,0,5,0,
0,0,4,0,0,0,
::23,6,8/
4,0,0,0,0,2,
0,0,0,0,0,0,
0,0,1,0,0,0,
0,0,2,1,3,0,
0,0,0,0,0,0,
0,3,5,0,0,0,
0,0,4,0,6,0,
5,0,0,0,6,0,
::24,6,8/
3,4,0,0,0,6,
0,0,0,0,0,0,
0,0,1,0,4,0,
0,2,0,0,6,0,
0,2,0,0,5,0,
0,0,0,0,0,0,
0,0,1,0,0,0,
3,0,0,0,5,0,
::25,6,8/
4,0,0,4,0,5,
0,0,0,6,0,5,
0,0,0,0,0,0,
0,0,2,0,0,0,
6,0,0,0,0,0,
0,1,3,0,0,0,
0,1,2,0,0,0,
0,0,3,0,0,0,
::26,7,8/
4,2,0,0,0,0,1,
0,0,0,3,1,0,0,
0,0,0,0,0,2,0,
0,0,0,0,0,0,0,
6,0,0,0,0,3,4,
5,6,0,0,0,0,0,
0,0,0,0,0,0,0,
5,0,0,0,0,0,0,
::27,7,8/
0,6,2,0,0,3,0,
0,4,0,0,0,5,0,
0,0,0,0,0,0,0,
0,0,0,1,0,0,0,
0,0,0,2,0,0,0,
0,0,0,0,1,0,0,
0,0,4,6,0,0,0,
0,0,0,0,5,3,0,
::28,7,8/
0,0,4,6,0,0,0,
0,0,0,5,0,0,0,
0,0,0,0,0,0,0,
0,0,2,0,0,0,6,
4,0,0,0,1,0,0,
0,1,0,0,2,0,0,
0,0,3,0,0,0,0,
0,0,0,3,5,0,0,
::29,7,8/
4,0,5,0,0,6,0,
1,0,0,4,0,0,0,
0,3,0,0,0,0,0,
0,0,0,0,0,0,6,
0,2,1,0,0,0,0,
0,0,0,0,0,0,0,
0,0,3,0,2,0,0,
0,0,0,0,0,0,5,
::30,7,8/
3,0,0,0,5,0,0,
4,0,4,0,5,0,0,
0,0,0,0,1,0,0,
3,6,0,0,0,2,0,
0,0,0,0,1,0,0,
0,0,0,0,0,0,0,
0,0,0,0,0,2,0,
0,0,6,0,0,0,0,
::31,6,8/
0,0,0,5,0,0,
0,0,0,6,0,0,
0,4,5,0,3,6,
0,0,0,0,0,0,
0,0,2,1,0,0,
0,0,0,0,2,0,
0,0,3,0,0,0,
4,0,0,0,0,1,
::32,6,8/
0,0,0,1,5,6,
0,0,0,0,0,0,
2,0,1,0,6,0,
0,0,3,0,0,0,
0,0,0,0,0,4,
3,2,0,0,0,0,
0,0,0,0,5,0,
0,0,4,0,0,0,
::33,6,8/
4,0,0,0,0,2,
0,0,0,0,0,0,
0,0,0,0,0,0,
0,0,0,2,1,3,
0,0,0,0,0,0,
0,3,5,0,0,0,
0,0,4,0,6,0,
5,0,0,0,6,0,
::34,6,8/
3,4,0,0,0,6,
0,0,0,0,0,0,
0,0,1,0,4,0,
0,2,0,0,6,0,
0,2,0,0,5,0,
0,0,0,0,0,0,
0,0,1,0,0,0,
3,0,0,0,5,0,
::35,6,8/
4,0,0,4,0,5,
0,0,0,6,0,5,
0,0,0,0,0,0,
0,0,2,0,0,0,
6,0,0,0,0,0,
0,1,3,0,0,0,
0,1,2,0,0,0,
0,0,3,0,0,0,
::36,7,8/
4,2,0,0,0,0,1,
0,0,0,3,1,0,0,
0,0,0,0,0,2,0,
0,0,0,0,0,0,0,
6,0,0,0,0,3,4,
5,6,0,0,0,0,0,
0,0,0,0,0,0,0,
5,0,0,0,0,0,0,
::37,7,8/
0,6,2,0,0,3,0,
0,4,0,0,0,5,0,
0,0,0,0,0,0,0,
0,0,0,1,0,0,0,
0,0,0,2,0,0,0,
0,0,0,0,1,0,0,
0,0,4,6,0,0,0,
0,0,0,0,5,3,0,
::38,7,8/
0,0,4,6,0,0,0,
0,0,0,5,0,0,0,
0,0,0,0,0,0,0,
0,0,2,0,0,0,6,
4,0,0,0,1,0,0,
0,1,0,0,2,0,0,
0,0,3,0,0,0,0,
0,0,0,3,5,0,0,
::39,7,8/
4,0,5,0,0,6,0,
1,0,0,4,0,0,0,
0,3,0,0,0,0,0,
0,0,0,0,0,0,6,
0,2,1,0,0,0,0,
0,0,0,0,0,0,0,
0,0,3,0,2,0,0,
0,0,0,0,0,0,5,
::40,7,8/
3,0,0,0,5,0,0,
4,0,4,0,5,0,0,
0,0,0,0,1,0,0,
3,6,0,0,0,2,0,
0,0,0,0,1,0,0,
0,0,0,0,0,0,0,
0,0,0,0,0,2,0,
0,0,6,0,0,0,0,