::1,2,2/
0,0
3,3
::2,3,3/
2,0,5,
0,0,5,
0,0,2,
::3,4,3/
0,0,2,6,
2,0,5,0,
5,0,6,0,
::4,5,4/
5,6,0,0,0,
0,0,3,6,0,
0,0,1,0,0,
5,0,3,1,0,
::5,5,5/
6,0,3,4,0,
0,0,2,0,0,
0,0,2,0,4,
0,0,0,3,1,
0,6,1,0,0,
::6,5,5/
0,0,2,3,4,
0,3,0,0,0,
0,0,0,1,0,
0,0,5,4,0,
2,1,0,0,5,
::7,5,5/
1,0,0,0,1,
0,4,0,0,2,
0,0,5,0,0,
4,0,6,0,2,
5,0,0,0,6,
::8,5,5/
0,0,1,6,0,
0,1,0,3,0,
0,0,0,0,0,
0,2,3,0,6,
0,0,0,0,2,
::9,5,5/
0,0,3,2,0,
3,6,0,0,0,
4,0,0,0,0,
5,4,0,0,0,
0,0,5,6,2,
::10,5,5/
1,4,0,0,4,
0,1,0,0,6,
2,0,3,0,0,
0,0,0,0,0,
0,2,0,3,6,
::11,5,6/
1,4,0,5,3,
0,4,0,0,0,
0,5,0,0,0,
0,0,1,3,0,
0,6,2,0,2,
0,0,6,0,0,
::12,5,6/
0,0,0,1,2,
0,0,1,4,0,
0,0,0,0,0,
0,5,4,2,0,
0,6,6,0,0,
5,0,0,0,0,
::13,5,7/
0,0,0,0,6,
0,0,6,0,0,
0,0,4,0,0,
3,3,0,0,4,
2,0,1,0,5,
0,0,0,0,5,
0,2,0,0,1,
::14,5,7/
5,0,0,0,5,
4,6,0,0,6,
0,0,4,0,0,
0,0,3,0,0,
0,0,1,2,0,
0,0,0,0,0,
0,1,2,0,3,
::15,5,7/
0,6,5,0,0,
6,0,0,0,0,
4,5,0,0,0,
0,4,3,2,0,
1,0,0,0,0,
0,0,0,0,3,
0,0,1,0,2,
::16,6,7/
0,6,5,0,0,0,
6,0,0,0,0,0,
4,5,0,0,0,0,
0,4,3,2,0,0,
1,0,0,0,0,0,
0,0,0,0,3,0,
0,0,1,0,2,0,
::17,7,7/
0,6,5,0,0,0,0
6,0,0,0,0,0,0
4,5,0,0,0,0,0
0,4,3,2,0,0,0
1,0,0,0,0,0,0
0,0,0,0,3,0,0
0,0,1,0,2,0,0
::18,8,7/
0,6,5,0,0,0,0,0
6,0,0,0,0,0,0,0
4,5,0,0,0,0,0,0
0,4,3,2,0,0,0,0
1,0,0,0,0,0,0,0
0,0,0,0,3,0,0,0
0,0,1,0,2,0,0,0
::19,9,7/
0,6,5,0,0,0,0,0,0
6,0,0,0,0,0,0,0,0
4,5,0,0,0,0,0,0,0
0,4,3,2,0,0,0,0,0
1,0,0,0,0,0,0,0,0
0,0,0,0,3,0,0,0,0
0,0,1,0,2,0,0,0,0
::20,9,9/
0,6,5,0,0,0,0,0,0
6,0,0,0,0,0,0,0,0
4,5,0,0,0,0,0,0,0
0,4,3,2,0,0,0,0,0
1,0,0,0,0,0,0,0,0
0,0,0,0,3,0,0,0,0
0,0,1,0,2,0,0,0,0
0,0,0,0,0,0,0,0,0
0,0,0,0,0,0,0,0,0